alignment_block_idx,position_idx,"({sp1,sp2},sp3)","((sp1,sp2),sp3)","((sp1,sp3),sp2)","((sp2,sp3),sp1)"
32,0,0.7322606638977652,0.0828761552829184,0.1029484855799632,0.08191469523935181
32,1,0.7319550978821443,0.08295197968144628,0.1031456158582378,0.08194730657817029
32,2,0.7316469914261239,0.083028282895064,0.10334447307901451,0.08198025259979659
32,3,0.7313363227085835,0.0831050708091214,0.10354507287288339,0.0820135336094104
32,4,0.7310230700014563,0.08318234925804921,0.10374743094781878,0.0820471497926746
32,5,0.7307072116606169,0.08326012402700461,0.1039515630953978,0.08208110121697962
32,6,0.7303887261287947,0.08333840085248552,0.1041574851906099,0.08211538782810841
32,7,0.730067591924563,0.0834171854239758,0.1043652131972955,0.08215000945416422
32,8,0.7297437876423019,0.08349648338460579,0.1045747631705975,0.08218496580249349
32,9,0.729417291948003,0.0835763003316102,0.1047861512606602,0.08222025645972529
32,10,0.7290880835721928,0.0836566418193118,0.1049993937154081,0.0822558808930858
32,11,0.7287561413095526,0.0837375133576514,0.1052145068852107,0.08229183844758381
32,12,0.7284214440125967,0.083818920414913,0.1054315072245583,0.08232812834793071
32,13,0.7280839705878976,0.08390086841746221,0.10565041129789321,0.0823647496967457
32,14,0.7276526171771973,0.0840015332528519,0.10591051512071419,0.08243533444923529
32,15,0.7272182232583915,0.08410282153594661,0.1061726648894656,0.082506290316195
32,16,0.7267807642730312,0.08420473877891879,0.1064368796744202,0.0825776172736286
32,17,0.7263402156592761,0.0843072904710148,0.1067031786904914,0.0826493151792168
32,18,0.725896552851473,0.08441048207797269,0.1069715812981107,0.08272138377244219
32,19,0.7254497512729898,0.0845143190429406,0.1072421070096295,0.08279382267443879
32,20,0.7249997863354725,0.08461880678821279,0.1075147754911722,0.08286663138514119
32,21,0.7245466334303554,0.0847239507148396,0.10778960657005722,0.0829398092847467
32,22,0.72409026793051,0.0848297562039607,0.1080666202346525,0.0830133556308757
32,23,0.7236306651833783,0.08493622861747,0.10834583664072689,0.08308726955842341
32,24,0.7231678005052927,0.08504337329873592,0.10862727611718169,0.0831615500787885
32,25,0.7227016491821064,0.0851511955732126,0.10891095916725,0.0832361960774294
32,26,0.7222321864611664,0.0852597007491624,0.10919690647530551,0.0833112063143645
32,27,0.7225319745092763,0.0851769033984381,0.10910156724176952,0.0831895548505151
32,28,0.722828926048796,0.0850948210722731,0.10900799827053251,0.08306825460839719
32,29,0.7231230437178225,0.08501345317860062,0.1089161971623951,0.0829473059411808
32,30,0.7234143302693925,0.08493279909449758,0.1088261615798483,0.0828267090562607
32,31,0.7236100644245748,0.08487084524532001,0.10877849271138709,0.0827405976187166
32,32,0.7238030917405942,0.08480954949792122,0.10873254675526779,0.0826548120062157
32,33,0.7239934117693553,0.08474891144548731,0.1086883236477295,0.08256935313742711
32,34,0.7241810241672755,0.08468893064906731,0.10864582338421039,0.08248422179944578
32,35,0.7243659286979308,0.0846296066395614,0.1086050460151142,0.08239941864739239
32,36,0.724548125224999,0.08457093891660779,0.10856599165088102,0.0823149442075108
32,37,0.7247276137135771,0.0845129269508652,0.1085286604571249,0.0822307988784316
32,38,0.7249043942238153,0.0844555701846178,0.1084930526595081,0.08214698293205719
32,39,0.7250784669094209,0.0843988680317294,0.10845916854164189,0.0820634965172065
32,40,0.7252498320136337,0.08434281987960479,0.10842700844675209,0.08198033966000841
32,41,0.7254184898707097,0.0842874250875412,0.10839657277622301,0.0818975122655249
32,42,0.7255844408974369,0.08423268299079371,0.10836786199359578,0.08181501411817249
32,43,0.725747685596761,0.0841785928978225,0.10834087662057051,0.0817328448848449
32,44,0.7259082245510473,0.0841251540933466,0.10831561724038449,0.0816510041152203
32,45,0.7260660584203281,0.0840723658375872,0.1082920844979388,0.0815694912441442
32,46,0.7262211879431186,0.08402022736727319,0.1082702790990301,0.0814883055905768
32,47,0.7263736139321235,0.0839687378959886,0.10825020181111421,0.08140744636077239
32,48,0.7265233372708626,0.08391789661509201,0.10823185346481849,0.0813269126492259
32,49,0.7266703589148881,0.083867702694405,0.10821523495251481,0.0812467034381911
32,50,0.7268146798877526,0.0838181552808542,0.1082003472307777,0.08116681760061409
32,51,0.726956301279007,0.0837692535023055,0.10818719131906832,0.081087253899618
32,52,0.7270952242442665,0.0837209964646976,0.1081757683009007,0.08100801099013351
32,53,0.7272314500028907,0.08367338325382209,0.1081660793239728,0.0809290874193132
32,54,0.7273649798345069,0.0836264129362872,0.108158125601117,0.0808504816280876
32,55,0.7274958150807646,0.0835800845584384,0.1081519084104909,0.080772191950305
32,56,0.727623957139695,0.08353439714922391,0.1081474290958416,0.0806942166152383
32,57,0.7277494074690638,0.08348934971741889,0.1081446890663942,0.08061655374712161
32,58,0.7278721675819383,0.08344494125388238,0.108143689798679,0.0805392013654989
32,59,0.7279922390452074,0.0834011707316387,0.1081444328355786,0.08046215738757441
32,60,0.7281096234810578,0.0833580371056183,0.10814691978738271,0.0803854196259402
32,61,0.7282243225634816,0.08331553931359709,0.10815115233207001,0.0803089857908501
32,62,0.7283363380162766,0.08327367627638851,0.1081571322165675,0.08023285349076621
32,63,0.7284456716164517,0.0832324468971755,0.1081648612551593,0.08015702023121231
32,64,0.7285523251879528,0.0831918500627519,0.1081743413323187,0.0800814834169756
32,65,0.7286563006046062,0.08315188464403431,0.108185574400964,0.08000624035039429
32,66,0.728757599786996,0.0831125494944567,0.10819856248505771,0.0799312882334883
32,67,0.728856224703015,0.08307384345209008,0.10821330767830921,0.0798566241665844
32,68,0.7289521773666231,0.08303576533882001,0.1082298121455614,0.07978224514899399
32,69,0.7290454598381717,0.0829983139609993,0.108248078121961,0.0797081480788665
32,70,0.7291360742204162,0.08296148810915271,0.1082681079160864,0.0796343297543435
32,71,0.7292240226615725,0.0829252865578819,0.1082899039077926,0.07956078687275171
32,72,0.7293093073544565,0.08288970806724971,0.1083134685496791,0.0794875160286133
32,73,0.7293919305355967,0.0828547513805664,0.10833880436670609,0.0794145137171297
32,74,0.729471894481853,0.08282041522739851,0.108365913958908,0.07934177633183931
32,75,0.7295492015144623,0.08278669832108398,0.1083947999994501,0.07926930016500229
32,76,0.7296238539961636,0.0827535993603505,0.10842546523700379,0.0791970814064806
32,77,0.7296958543323355,0.08272111702850111,0.10845791249378972,0.07912511614537229
32,78,0.7297652049701476,0.08268924999393441,0.10849214466862091,0.07905340036729572
32,79,0.7298319083980787,0.0826579969093033,0.1085281647367077,0.0789819299559092
32,80,0.7298959671449977,0.08262735641381849,0.10856597574917022,0.0789107006920122
32,81,0.7299573837837003,0.08259732712945118,0.10860558083447709,0.0788397082523695
32,82,0.7299265912793332,0.0825852985515077,0.10868699836655842,0.0788011118025993
32,83,0.729893165717841,0.0825738745493272,0.1087702397729615,0.07876271995986911
32,84,0.7298571064492638,0.0825630538761699,0.1088553105026734,0.078724529171892
32,85,0.729818412864689,0.0825528352690935,0.10894221608785251,0.07868653577836379
32,86,0.7297770843996125,0.0825432174487141,0.10903096214342169,0.0786487360082503
32,87,0.7297331205347513,0.08253419911892701,0.1091215543660199,0.07861112598030022
32,88,0.729686520791054,0.0825257789679321,0.10921399853886879,0.0785737017021434
32,89,0.729637284736267,0.08251795566582949,0.1093083005279942,0.07853645906990801
32,90,0.7295854119786278,0.08251072786692461,0.10940446628724537,0.07849939386720109
32,91,0.7295309021717215,0.0825040942082699,0.10950250185719221,0.07846250176281469
32,92,0.729473755013336,0.0824980533094529,0.1096024133647163,0.07842577831249359
32,93,0.7294139702434731,0.0824926037728274,0.10970420702778969,0.0783892189559086
32,94,0.729351547647382,0.0824877441837594,0.10980788915113171,0.0783528190177259
32,95,0.7292864870543003,0.0824834731091408,0.1099134661326064,0.0783165737039513
32,96,0.7292187883402018,0.08247978909809799,0.1100209444594375,0.07828047810226109
32,97,0.7291484514245734,0.08247669068121728,0.11013033071226551,0.07824452718194241
32,98,0.7290754762723446,0.0824741763716212,0.1102416315647971,0.0782087157912356
32,99,0.7289998628961182,0.0824722446629302,0.1103548537853876,0.07817303865556272
32,100,0.7289216113554453,0.0824708940294359,0.11047000423686561,0.0781374903782518
32,101,0.7288407217561653,0.08247012292717361,0.11058708987891122,0.0781020654377486
32,102,0.7287571942542133,0.0824699297916588,0.11070611776767399,0.07806675818645259
32,103,0.728671029052082,0.082470313039174,0.11082709505868471,0.07803156285005809
32,104,0.7285822264045022,0.082471271064819,0.1109500290059381,0.0779964735247394
32,105,0.7284907866150276,0.0824728022444026,0.11107492696348119,0.07796148417708731
32,106,0.7283967100392357,0.08247490493198341,0.11120179638733209,0.0779265886414474
32,107,0.7282999970865035,0.0824775774599923,0.11133064483502189,0.0778917806184811
32,108,0.7282006482187053,0.0824808181392329,0.1114614799689801,0.07785705367308048
32,109,0.7280986639513859,0.08248462525923302,0.1115943095546472,0.0778224012347326
32,110,0.7279940448572702,0.08248899708614671,0.11172914146438241,0.0777878165921993
32,111,0.7278867915650404,0.08249393186350341,0.11186598367647571,0.07775329289497929
32,112,0.7277769047633162,0.08249942781020018,0.11200484427784597,0.07771882314863629
32,113,0.7276643851979845,0.0825054831227352,0.1121457314647066,0.07768440021457221
32,114,0.7275492336782312,0.0825120959721049,0.11228865354238471,0.07765001680727819
32,115,0.7274314510728451,0.0825192645048801,0.1124336189293707,0.07761566549290261
32,116,0.727311038316191,0.0825269868422277,0.112580636155877,0.077581338685703
32,117,0.7271879964087078,0.08253526107885249,0.11272971386609999,0.0775470286463385
32,118,0.7270623264165759,0.0825440852829665,0.1128808608197551,0.07751272748070161
32,119,0.7269340294752366,0.08255345749563461,0.1130340858931595,0.077478427135968
32,120,0.7268031067904224,0.08256337573039381,0.11318939808105179,0.077444119398131
32,121,0.7266695596403219,0.0825738379721963,0.1133468064961139,0.07740979589136641
32,122,0.7265333893775072,0.0825848421768974,0.1135063203729668,0.07737544807262679
32,123,0.7263945974310275,0.0825963862707799,0.1136679490672136,0.077341067230978
32,124,0.7262531853075642,0.08260846815023208,0.1138317020581149,0.07730664448408729
32,125,0.7261091545943528,0.0826210856791708,0.1139975889501284,0.0772721707763471
32,126,0.7259625069623091,0.08263423669134329,0.11416561947318139,0.07723763687316479
32,127,0.7258132441666524,0.0826479189869551,0.1143358034847055,0.07720303336168562
32,128,0.7256613680477317,0.08266213033422551,0.1145081509732877,0.07716835064475341
32,129,0.7255068805385467,0.0826768684655628,0.1146826720566157,0.0771335789392736
32,130,0.7253497836640113,0.08269213107932759,0.1148593769840967,0.0770987082725631
32,131,0.7251900795407171,0.08270791583949261,0.1150382761415079,0.0770637284782809
32,132,0.7250277703859513,0.0827242203717527,0.11521938004822518,0.07702862919406948
32,133,0.7248628585160944,0.0827410422648329,0.1154026993613554,0.07699339985771561
32,134,0.7246953463504066,0.08275837906920178,0.1155882448774422,0.07695802970294828
32,135,0.7245252364126918,0.0827762282975866,0.1157760275338424,0.0769225077558777
32,136,0.72435253133897,0.0827945874201586,0.11596605840893293,0.0768868228319372
32,137,0.7241772338742245,0.0828134538675233,0.1161583487274877,0.076850963530763
32,138,0.7239993468802824,0.08283282502815101,0.116352909858606,0.0768149182329591
32,139,0.7238188733368943,0.08285269824653989,0.1165497533206314,0.0767786750959335
32,140,0.7236358163469365,0.0828730708240531,0.1167488907803764,0.07674222204863289
32,141,0.7234501791365099,0.08289394001626031,0.11695033405850372,0.07670554678872489
32,142,0.7232619650626368,0.08291530303267351,0.1171540951284962,0.07666863677619219
32,143,0.7230711776146501,0.0829371570348946,0.1173601861193803,0.0766314792310737
32,144,0.7228778204189832,0.0829594991359279,0.1175686193185632,0.07659406112652459
32,145,0.7226818972411057,0.08298232639914939,0.1177794071748382,0.0765563691849054
32,146,0.7224834119935223,0.08300563583645688,0.1179925622969631,0.0765183898730564
32,147,0.7222823687351261,0.08302942440844241,0.1182080974601055,0.0764801093963248
32,148,0.7220787716786832,0.0830536890209871,0.11842602560602411,0.07644151369430438
32,149,0.7218726251952552,0.0830784265252579,0.11864635984529032,0.07640258843419549
32,150,0.7216639338172448,0.0831036337156934,0.11886911346070708,0.0763633190063534
32,151,0.7214527022422951,0.08312930733022389,0.1190942999085803,0.07632369051889949
32,152,0.7212389353428322,0.083155444045968,0.11932193282187499,0.0762836877893237
32,153,0.7210226381645576,0.08318204048081079,0.119552026013012,0.0762432953416182
32,154,0.7208038159356024,0.0832090931897421,0.11978459347576009,0.0762024973988941
32,155,0.7205824740699283,0.08323659866438159,0.12001964938923111,0.07616127787645749
32,156,0.7203586181758989,0.0832645533303426,0.120257208118045,0.0761196203757123
32,157,0.7201322540570223,0.0832929535468553,0.1204972842184786,0.07607750817764221
32,158,0.7199033877200953,0.0833217956045058,0.1207398924394514,0.0760349242359461
32,159,0.7196720253829751,0.0833510757230695,0.1209850477243929,0.0759918511695612
32,160,0.7194381734758032,0.0833807900507902,0.12123276521709851,0.0759482712563065
32,161,0.7192018386505079,0.0834109346613181,0.12148306026366831,0.0759041664245046
32,162,0.718963027787013,0.0834415055526394,0.12173594841426567,0.0758595182460804
32,163,0.7187217479985393,0.08347249864594129,0.12199144542781808,0.07581430792770019
32,164,0.7184780066383694,0.08350390978091561,0.1222495672755796,0.07576851630513409
32,165,0.7182318113095381,0.0835357347169948,0.1225103301425285,0.07572212383093739
32,166,0.7179831698660011,0.08356796912910339,0.12277375043466651,0.0756751105702276
32,167,0.7177320904265654,0.0836006086059925,0.12303984477829841,0.07562745618914261
32,168,0.7174785813758762,0.08363364864965259,0.12330863002724109,0.07557913994722888
32,169,0.7172226513778981,0.0836670846697706,0.1235801232647644,0.07553014068756571
32,170,0.7169643093790735,0.08370091198499689,0.1238543418079104,0.0754804368280181
32,171,0.716703564619807,0.0837351258180371,0.12413130321158598,0.07543000635056851
32,172,0.716440426641961,0.0837697212942769,0.12441102527210252,0.07537882679165829
32,173,0.7161749052962468,0.08380469343890071,0.1246935260322642,0.0753268752325869
32,174,0.715907010750072,0.0838400371754772,0.12497882378632921,0.07527412828812019
32,175,0.7164398539998297,0.0836734206605643,0.12484623355157788,0.0750404917880266
32,176,0.7169700148244599,0.0835070954548675,0.12471610868621509,0.07480678103445651
32,177,0.7174975296930314,0.08334105073255178,0.12458843808604779,0.0745729814883682
32,178,0.7180224351881903,0.0831752755924396,0.1244632107999993,0.0743390784193695
32,179,0.7185447680123784,0.08300975905800022,0.1243404160286271,0.0741050569009929
32,180,0.7190645649985359,0.0828444900736075,0.1242200431186413,0.07387090180921399
32,181,0.7195818631141909,0.0826794575033344,0.12410208156373699,0.07363659781873659
32,182,0.720096699470945,0.08251465013076258,0.1239865209976303,0.07340212940066108
32,183,0.7206091113299878,0.08235005665499172,0.123873351195448,0.07316748081957089
32,184,0.7211191361161986,0.0821856656886626,0.12376256206666762,0.07293263612847
32,185,0.7216268114179125,0.0820214657574998,0.1236541436566734,0.07269757916791311
32,186,0.7221321750023401,0.0818574452966429,0.123548086140092,0.07246229356092392
32,187,0.7226352648201432,0.08169359264966879,0.1234443798201385,0.0722267627100481
32,188,0.7231361190127719,0.0815298960664006,0.1233430151274813,0.0719909697933451
32,189,0.7236347759254855,0.08136634369982321,0.1232439826131751,0.07175489776151471
32,190,0.7237443116618265,0.08127412492076712,0.1233310058865899,0.0716505575308152
32,191,0.723851931986898,0.081182082354252,0.12342026098870869,0.0715457246701397
32,192,0.7239576354087386,0.08109021212264851,0.12351175653118648,0.0714403959374253
32,193,0.7240614207042734,0.080998510256081,0.12360550121439633,0.07133456782524819
32,194,0.7241632869150235,0.08090697269234719,0.1237015038299342,0.0712282365626941
32,195,0.7242632333467246,0.0808155952772335,0.1237997732609818,0.07112139811505891
32,196,0.7243612595678018,0.08072437376330299,0.1239003184849636,0.0710140481839302
32,197,0.7244573654045549,0.0806333038103901,0.1240031485762673,0.0709061822087865
32,198,0.7245515509435309,0.0805423809841792,0.1241082727065404,0.0707977953657481
32,199,0.7245582364555636,0.08046853195109889,0.1242563150388533,0.0707169165544829
32,200,0.7245630221142163,0.0803947940018406,0.1244067113212817,0.0706354725626599
32,201,0.7241874646715694,0.08038521868971808,0.1247486850791924,0.0706786315595191
32,202,0.7238101453341245,0.080375640222477,0.1250931603080638,0.07072105413533371
32,203,0.7234310228486995,0.08036606136523168,0.1254401673129657,0.07076274847310171
32,204,0.7230500563227477,0.08035648476046402,0.1257897364800171,0.0708037224367699
32,205,0.7226672052133232,0.0803469129279029,0.12614189828415068,0.07084398357462199
32,206,0.7222824293134297,0.0803373482678151,0.1264966832953431,0.07088353912341079
32,207,0.7218956887425411,0.08032779306099881,0.12685412218490671,0.0709223960115523
32,208,0.7215069439325871,0.0803182494695802,0.1272142457345883,0.0709605608632435
32,209,0.7211161556193691,0.0803087195391413,0.1275770848405251,0.0709980400009632
32,210,0.720723284829053,0.08029920519893449,0.1279426705221444,0.0710348394498669
32,211,0.7203282928700924,0.08028970826343688,0.1283110339271104,0.07107096493935922
32,212,0.7199311413195008,0.0802802304333737,0.1286822063394656,0.07110642190765881
32,213,0.7195317920132629,0.0802707732966303,0.1290562191865667,0.07114121550353901
32,214,0.7191302070375711,0.0802613383289075,0.12943310404390318,0.07117535058961688
32,215,0.7187263487184546,0.0802519268937744,0.12981289264350832,0.07120883174426139
32,216,0.7183201796113328,0.08024254024478529,0.13019561687969539,0.07124166326418478
32,217,0.7179116624873125,0.08023317952650359,0.1305813088178719,0.07127384916831049
32,218,0.7175007603316896,0.08022384577305111,0.1309700006984258,0.07130539319683239
32,219,0.7170874363286285,0.08021453991117539,0.13136172494387138,0.07133629881632329
32,220,0.7166716538556378,0.08020526275844479,0.1317565141660917,0.0713665692198244
32,221,0.7162533764672403,0.08019601502706121,0.1321544011760853,0.0713962073296118
32,222,0.7158325678951819,0.0801867973210434,0.1325554189855197,0.0714252157982537
32,223,0.715409192033483,0.0801776101388205,0.132959600816859,0.0714535970108366
32,224,0.7149832129343267,0.0801684538719897,0.1333669801076864,0.07148135308599589
32,225,0.7145545947938794,0.0801593288073764,0.13377759052194912,0.0715084858767937
32,226,0.7141233019477778,0.08015023512661419,0.1341914659519417,0.07153499697366489
32,227,0.7136892988611815,0.08014117290673721,0.13460864052793972,0.0715608877041404
32,228,0.7132525501230315,0.0801321421186947,0.1350291486247794,0.0715861591334931
32,229,0.7128130204336185,0.08012314263095181,0.1354530248678599,0.0716108120675687
32,230,0.7123706746002695,0.0801141742067119,0.13588030414171032,0.0716348470513071
32,231,0.7119254775277619,0.0801052365053893,0.1363110215953251,0.07165826437152219
32,232,0.7114773942126033,0.08009632908233419,0.1367452126496386,0.07168106405542331
32,233,0.711026389731109,0.08008745138845229,0.13718291300698482,0.0717032458734527
32,234,0.7105724292343666,0.0800786027713936,0.13762415865642819,0.0717248093378107
32,235,0.7101154779434422,0.0800697824746748,0.13806898587881564,0.07174575370306639
32,236,0.7095618595000313,0.0800784163976795,0.1385646721366806,0.07179505196560738
32,237,0.7090048974986763,0.0800871193489598,0.1390642270126246,0.0718437561397379
32,238,0.7084445534134156,0.08009589027294081,0.139567691059903,0.0718918652537395
32,239,0.7078807887090924,0.08010472801958339,0.140075105191214,0.0719393780801089
32,240,0.7073135648305702,0.080113631341375,0.140586510688729,0.07198629313932471
32,241,0.7067428431980167,0.08012259889398608,0.1411019492125763,0.0720326086954195
32,242,0.7061685851986808,0.08013162923652961,0.141621462807058,0.07207832275773049
32,243,0.7055907521776817,0.08014072082987811,0.14214509391245428,0.0721234330799843
32,244,0.7050093054334319,0.0801498720371493,0.14267288537034728,0.0721679371590702
32,245,0.7044242062066935,0.0801590811231175,0.1432048804357988,0.0722118322343884
32,246,0.703835415674854,0.08016834625382059,0.14374112278434878,0.0722551152869753
32,247,0.7032428949469348,0.08017766549488779,0.1442816565201901,0.07229778303798601
32,248,0.7026466050512473,0.0801870368127191,0.14482652618768588,0.0723398319483465
32,249,0.7020465069323503,0.080196458072116,0.14537577677864638,0.0723812582168857
32,250,0.7014425614392187,0.08020592703709789,0.1459294537447406,0.07242205777894162
32,251,0.7008347293232855,0.0802154413691102,0.1464876030021435,0.0724622263054598
32,252,0.7002229712268877,0.08022499862647751,0.1470502709463371,0.0725017592002967
32,253,0.6996072476778735,0.08023459626426602,0.14761750445813218,0.072540651599727
32,254,0.6989875190819862,0.08024423163243109,0.1481893509157857,0.0725788983697959
32,255,0.698363745714459,0.08025390197510109,0.14876585820572008,0.07261649410471871
32,256,0.6977358877136244,0.080263604431144,0.14934707473094566,0.07265343312428449
32,257,0.6971039050730664,0.0802733360308973,0.1499330494227435,0.0726897094732915
32,258,0.6964677576373527,0.08028309369602331,0.1505238317499132,0.0727253169167096
32,259,0.6958274050867925,0.080292874239435,0.15111947173358642,0.0727602489401848
32,260,0.6951828069396983,0.08030267436267631,0.1517200199526719,0.0727944987449524
32,261,0.6945339225377415,0.08031249065571251,0.15232552755950188,0.0728280592470426
32,262,0.6938807110412276,0.0803223195954368,0.1529360462901565,0.0728609230731779
32,263,0.6932231314235586,0.0803321575436864,0.15355162847359274,0.0728930825591609
32,264,0.6925611424571627,0.0803420007477902,0.1541723270490044,0.0729245297460416
32,265,0.6918947027142536,0.08035184533689639,0.15479819557202107,0.07295525637682729
32,266,0.691223770553628,0.08036168732177591,0.15542928823069257,0.0729852538939024
32,267,0.6905483041149932,0.0803715225938399,0.1560656598556025,0.07301451343556309
32,268,0.6898682613094644,0.0803813469226605,0.1567073659358782,0.0730430258319958
32,269,0.6891835998152975,0.08039115595439071,0.1573544626288176,0.07307078160149331
32,270,0.6884942770659258,0.08040094521050109,0.15800700677573962,0.07309777094783249
32,271,0.6878002502452991,0.08041071008630792,0.158665055913386,0.0731239837550056
32,272,0.6871014762786377,0.0804204458483775,0.1593286682892736,0.07314940958371041
32,273,0.6863979118228322,0.08043014763411621,0.15999790287573012,0.0731740376673206
32,274,0.6856895132611133,0.0804398104482517,0.16067281938330322,0.07319785690733051
32,275,0.6849762366932406,0.0804494291613404,0.1613534782769777,0.07322085586844031
32,276,0.6842580379285145,0.0804589985092494,0.16203994078807518,0.0732430227741597
32,277,0.6835348724742436,0.0804685130890831,0.16273226893383788,0.0732643455028342
32,278,0.6828066955314283,0.0804779673580876,0.1634305255300898,0.07328481158039321
32,279,0.6820734619837102,0.080487355630706,0.1641347742077093,0.073304408177873
32,280,0.6813351263880881,0.08049667207811899,0.1648450794295761,0.07332312210421509
32,281,0.6805916429692356,0.08050591072333589,0.16556150650642698,0.07334093980100011
32,282,0.6798429656068621,0.08051506544080429,0.1662841216142777,0.0733578473380544
32,283,0.67908904782924,0.0805241299533313,0.16701299181171161,0.0733738304057157
32,284,0.6783298428028509,0.0805330978286771,0.167748185058646,0.07338887430982499
32,285,0.6775653033237006,0.0805419624783751,0.1684897702322831,0.0734029639656401
32,286,0.6767953818073614,0.0805507171540314,0.1692378171471094,0.07341608389149679
32,287,0.6760200302804044,0.080559354944309,0.1699923965750685,0.07342821820021721
32,288,0.6752392003691289,0.0805678687737756,0.1707535802624952,0.0734393505945991
32,289,0.674452843291699,0.08057625139723762,0.1715214409508093,0.0734494643602524
32,290,0.6736609098454545,0.08058449539903842,0.17229605239889417,0.07345854235661149
32,291,0.6728633503993033,0.0805925931888479,0.17307748940078357,0.0734665670110638
32,292,0.6720601148818622,0.08060053699845761,0.1738658278094136,0.07347352031026491
32,293,0.6712511527711613,0.0806083188791697,0.1746611445570797,0.0734793837925878
32,294,0.6704364130852999,0.0806159306969473,0.1754635176784492,0.07348413853930238
32,295,0.6696158443672622,0.08062336413026189,0.1762730263339874,0.0734877651684873
32,296,0.6687893946800778,0.08063061066622669,0.17708975083085887,0.0734902438228352
32,297,0.6679570115907907,0.08063766159597859,0.1779137726502812,0.0734915541629483
32,298,0.6671186421587035,0.08064450801231159,0.1787451744711584,0.07349167535782519
32,299,0.6662742329278125,0.08065114080365582,0.17958404019327998,0.0734905860752502
32,300,0.6654237299100431,0.0806575506526194,0.1804304549654677,0.0734882644718687
32,301,0.66456707857531,0.08066372802982659,0.1812845052117163,0.0734846881831462
32,302,0.6637042238393348,0.0806696631902559,0.18214627865730093,0.0734798343131072
32,303,0.6628351100492689,0.08067534616850422,0.183015864358235,0.07347367942399072
32,304,0.6619596809712537,0.0806807667753965,0.1838933527288708,0.07346619952447751
32,305,0.6606091019235607,0.08074410751331089,0.1850565652466583,0.0735902253164689
32,306,0.6592503283209873,0.08080687561132091,0.186229565265732,0.0737132308019586
32,307,0.6578832466162176,0.0808690667745475,0.1874124800678493,0.0738352065413842
32,308,0.6565077421517453,0.0809306764581628,0.18860543871912158,0.0739561426709689
32,309,0.655123699131559,0.0809916998623382,0.18980857211066407,0.0740760288954376
32,310,0.6537310005864408,0.0810521319302176,0.19102201299830587,0.0741948544850342
32,311,0.6523295283436437,0.0811119673441363,0.19224589604416142,0.0743126082680572
32,312,0.6509191629979895,0.0811712005227157,0.19348035785489628,0.0744292786243976
32,313,0.6494997838750097,0.0812298256159425,0.19472553702914178,0.0745448534799044
32,314,0.6480712689956298,0.0812878365035297,0.19598157419987908,0.0746593203009599
32,315,0.6466334950478368,0.08134522678788961,0.1972486120793371,0.0747726660849353
32,316,0.6451863373478302,0.08140198979373792,0.1985267955029476,0.0748848773554829
32,317,0.6437296698040135,0.08145811856084881,0.19981627148135567,0.0749959401537807
32,318,0.6422633648834045,0.08151360584132798,0.2011171892425917,0.0751058400326746
32,319,0.6407872935706493,0.0815684440948503,0.2024297002882665,0.07521456204623249
32,320,0.6393013253357429,0.08162262548352721,0.2037539584364419,0.0753220907442866
32,321,0.6378053280873307,0.0816761418683682,0.2050901198816396,0.0754284101626605
32,322,0.6362991681408328,0.081728984801804,0.206438343243377,0.0755335038139849
32,323,0.6347827101739016,0.0817811455260139,0.20779878961972229,0.0756373546803608
32,324,0.6332558171855456,0.0818326149639015,0.20917162264861214,0.07573994520193959
32,325,0.631718350453894,0.0818833837163711,0.21055700855973247,0.07584125727000118
32,326,0.630170169493699,0.0819334420555537,0.21195511623579158,0.07594127221495431
32,327,0.6286111320101359,0.0819827799194144,0.2133661172747999,0.0760399707956486
32,328,0.6270410938550932,0.0820313869046491,0.21479018604863792,0.07613733319161829
32,329,0.6254599089809293,0.0820792522609991,0.2162274997686695,0.07623333898940139
32,330,0.6238674293903044,0.0821263648857059,0.2176782385518797,0.07632796717210868
32,331,0.62226350509184,0.08217271331561479,0.21914258548435478,0.076421196108189
32,332,0.6206479840454393,0.0822182857199339,0.2206207266955687,0.0765130035390567
32,333,0.6190207121120034,0.0822630698947603,0.22211285142639242,0.076603366566843
32,334,0.6173815330063888,0.08230705325422341,0.22361915209822228,0.07669226164116451
32,335,0.6157302882334095,0.08235022282344281,0.2251398243965535,0.07677966454659291
32,336,0.6140668170438721,0.08239256523084598,0.2266750673372592,0.0768655503880213
32,337,0.6123909563680712,0.0824340667001882,0.22822508335374295,0.0769498935779965
32,338,0.6105557862913348,0.0824949550499038,0.22988393893650888,0.0770653197222515
32,339,0.6087066555259417,0.0825551370738643,0.2315590294912826,0.0771791779089101
32,340,0.6068433741566294,0.0826145982931103,0.23325058731159662,0.07729144023866241
32,341,0.6049657492999259,0.08267332381084841,0.234958848861997,0.0774020780272275
32,342,0.6042458852740549,0.0825346068056686,0.23589733192173873,0.07732217599853661
32,343,0.6035197413316822,0.08239536246018571,0.2368442071441215,0.0772406890640097
32,344,0.6027872544851586,0.0822555779105397,0.23779956178570527,0.0771576058185952
32,345,0.6020483614351332,0.0821152400508902,0.23876348415646448,0.07707291435751112
32,346,0.601302998551624,0.08197433552947028,0.2397360636433696,0.0769866022755348
32,347,0.6005511018646903,0.08183285074565079,0.24071739072708934,0.0768986566625683
32,348,0.5997926070405638,0.0816907718482864,0.2417075570085457,0.0768090641026033
32,349,0.5990274493759598,0.08154808472919409,0.24270665522528018,0.07671781066956469
32,350,0.5982555637767737,0.0814047750228841,0.24371477927624982,0.0766248819240911
32,351,0.5974768847426373,0.0812608281025896,0.24473202424354026,0.07653026291123169
32,352,0.5966913463559703,0.0811162290748259,0.2457584864150616,0.07643393815414071
32,353,0.5958988822617185,0.08097096277724479,0.2467942633086158,0.0763358916524197
32,354,0.5950994256522314,0.0808250137753687,0.2478394536942917,0.076236106878107
32,355,0.5942929092557345,0.0806783663562944,0.2488941576194938,0.076134566768476
32,356,0.5934792653156581,0.0805310045269815,0.24995847643291835,0.0760312537244409
32,357,0.5926584255761306,0.0803829120088655,0.2510325128104578,0.075926149604545
32,358,0.5918303212674059,0.0802340722338568,0.2521163707796646,0.07581923571907138
32,359,0.5909948830875443,0.080084468340061,0.25321015574645256,0.0757104928259411
32,360,0.5901520411867509,0.079934083166854,0.2543139745222798,0.07559990112411409
32,361,0.5893017251502273,0.0797828992501105,0.255427935350828,0.07548744024883289
32,362,0.5884438639811171,0.0796308988179205,0.256552147936922,0.0753730892640391
32,363,0.5875783860896495,0.07947806378461639,0.25768672346916804,0.0752568266565648
32,364,0.5867052192645474,0.0793243757468026,0.2588317746574299,0.07513863033121891
32,365,0.5856910514928428,0.0791875506222576,0.26007448338969974,0.07504691449519871
32,366,0.5845232628101309,0.0790665419083985,0.261428473178059,0.0749817221034103
32,367,0.5833461629883819,0.0789446222866692,0.26279485006346137,0.07491436466148631
32,368,0.5821596540760784,0.0788217710184784,0.2641737591894413,0.0748448157160006
32,369,0.5809636371063426,0.0786979669941566,0.26556534778795715,0.0747730481115427
32,370,0.5792533740696255,0.0786004167948915,0.2673274923117951,0.0748187168236865
32,371,0.5775319941546563,0.0785015349851314,0.26910432414755686,0.07486214671265422
32,372,0.5757993381501821,0.07840130461422219,0.2708960327731905,0.07490332446240389
32,373,0.5740552455631239,0.07829970832901091,0.2727028100122408,0.0749422360956229
32,374,0.5722995545789635,0.07819672836789442,0.27452485008300387,0.0749788669701372
32,375,0.5705321020210555,0.07809234655675332,0.27636234964977074,0.07501320177241928
32,376,0.5687527233097479,0.0779865443039636,0.2782155078701855,0.0750452245161015
32,377,0.5669612524220146,0.07787930259242999,0.2800845264513723,0.07507491853418209
32,378,0.5651575218479769,0.0777706019777109,0.2819696096984789,0.0751022664758318
32,379,0.5633413625507198,0.07766042257882191,0.2838709645710324,0.075127250299425
32,380,0.5615126039239794,0.0775487440737129,0.28578880073483487,0.07514985126747128
32,381,0.5596710737447624,0.07743554569278281,0.28772333062177397,0.0751700499406795
32,382,0.5578165981348429,0.07732080621290321,0.28967476948151755,0.0751878261707351
32,383,0.5559490015100428,0.0772045039497848,0.29164333544596077,0.0752031590942102
32,384,0.5540681065435237,0.0770866167517028,0.2936292495793553,0.07521602712541671
32,385,0.5521737341150429,0.0769671219927874,0.2956327359435118,0.075226407948657
32,386,0.5502657032610397,0.0768459965653973,0.29765402166188076,0.0752342785116808
32,387,0.5483438311356309,0.07672321687244459,0.29969333697625167,0.07523961501567131
32,388,0.5464079329562409,0.07659875882047329,0.30175091531443604,0.0752423929088484
32,389,0.5444578219578596,0.076472597810417,0.3038269933543544,0.0752425868773676
32,390,0.5424933093462054,0.0763447087319339,0.3059218110861506,0.0752401708357088
32,391,0.540514204239804,0.07621506595186321,0.30803561189098905,0.07523511791734241
32,392,0.5385203136306064,0.076083643308277,0.3101686425950745,0.07522740046604082
32,393,0.5365114423173374,0.07595041410041371,0.3123211535573135,0.07521699002493391
32,394,0.534487392868269,0.07581535107979961,0.31449339872536486,0.0752038573265654
32,395,0.5324479655575893,0.07567842644040511,0.3166856357205835,0.0751879722814207
32,396,0.530392958312401,0.07553961181060571,0.3188981259091945,0.0751693039677974
32,397,0.528322166659638,0.07539887824144899,0.32113113447890995,0.07514782062000169
32,398,0.5260390061130146,0.0752723741100613,0.323534269323903,0.0751543504530197
32,399,0.5237378764441728,0.0751439194178642,0.32596028098583324,0.07515792315212849
32,400,0.5214185376240861,0.07501348201988879,0.32840947790863884,0.07515850244738512
32,401,0.5190807464821913,0.07488102912623662,0.33088217328305086,0.0751560511085198
32,402,0.5167242566372819,0.07474652729312839,0.333378685141388,0.07515053092820038
32,403,0.5143488184205952,0.07460994240661911,0.33589933646601094,0.07514190270677339
32,404,0.5119541787997363,0.074471239671749,0.33844445529281025,0.07513012623570312
32,405,0.5095400813003326,0.0743303835980921,0.3410143748201598,0.07511516028141411
32,406,0.5071062659306329,0.07418733798782269,0.3436094335144002,0.07509696256714339
32,407,0.5046524690965766,0.0740420659189442,0.3462299752292287,0.0750754897552491
32,408,0.5019380811245169,0.0739089172660234,0.34907008596838013,0.07508291564107838
32,409,0.4992007137422625,0.0737734659543655,0.3519389804198107,0.0750868398835603
32,410,0.4964400497912523,0.07363567037693938,0.3548370672937557,0.0750872125380513
32,411,0.4936557673432531,0.0734954880867952,0.35776476216492564,0.07508398240502519
32,412,0.4908475395797922,0.0733528757822377,0.360722487631239,0.07507709700672979
32,413,0.48772651780366044,0.0732207404370953,0.3639517995984399,0.07510094216080329
32,414,0.4845776373139448,0.0730860576702352,0.36721547207266714,0.07512083294315129
32,415,0.4814004964761529,0.0729487779665772,0.3705140174362536,0.07513670812101499
32,416,0.4781946870392813,0.07280885079034771,0.3738479572603982,0.0751485049099717
32,417,0.4749597939814176,0.0726662245600338,0.3772178225172514,0.0751561589412961
32,418,0.4716953953353216,0.07252084662316371,0.38062415381363046,0.07515960422788329
32,419,0.46840106202494625,0.07237266323336469,0.3840675016116293,0.0751587731300586
32,420,0.465076357691072,0.0722216195218437,0.3875484264676878,0.07515359631939529
32,421,0.4617301926649743,0.0720666943454225,0.391061373053563,0.075141739936039
32,422,0.45835289658864714,0.0719088009210087,0.3946129095117343,0.0751253929786088
32,423,0.45494401290249,0.07174788108290919,0.398203625020744,0.0751044809938554
32,424,0.4515030770912793,0.07158387544041989,0.40183411977647066,0.0750789276918288
32,425,0.44802961648310885,0.07141672334572409,0.40550500526591654,0.07504865490524941
32,426,0.4445231500506403,0.07124636286639191,0.40921690453690446,0.07501358254606219
32,427,0.44098318819738347,0.07107273075030239,0.41297045249143216,0.07497362856088069
32,428,0.43740923254277236,0.0708957623960498,0.41676629617481425,0.07492870888636251
32,429,0.43380077570050324,0.07071539181672022,0.4206050950810415,0.0748787374017339
32,430,0.4301573010578314,0.070531551607335,0.4244875214553038,0.07482362587952811
32,431,0.42647828252891773,0.070344172907964,0.42841426062571697,0.07476328393740009
32,432,0.4227631843233437,0.0701531853671739,0.432386011324694,0.0746976189847869
32,433,0.41901146069120065,0.069958517102952,0.43640348603555545,0.0746265361702905
32,434,0.41522255567041433,0.0697600946660791,0.4404674113363233,0.074549938327182
32,435,0.4113959028212909,0.06955784299747199,0.44457852826519506,0.07446772591604071
32,436,0.40753092495705956,0.06935168538696419,0.4487375926899256,0.07437979696604931
32,437,0.4036270338595292,0.06914154343146199,0.45294537569345633,0.0742860470155512
32,438,0.40158905991798455,0.0688004780985285,0.4555759246007974,0.0740345373826884
32,439,0.39953307088543066,0.06845700912853511,0.4582309585107557,0.073778961475277
32,440,0.39745887191214335,0.0681110958301587,0.4609107590539684,0.0735192732037282
32,441,0.39536626600541847,0.0677626969219637,0.4636156116185121,0.0732554254541045
32,442,0.393255053987688,0.0674117705246897,0.46634580541050336,0.0729873700771174
32,443,0.3911250344574977,0.06705827414978151,0.4691016335171718,0.07271505787554751
32,444,0.3889760037401497,0.06670216469056141,0.47188339297595455,0.0724384385933332
32,445,0.3868077558462442,0.0663433984124434,0.474691384838147,0.07215746090316419
32,446,0.3846200824247873,0.06598193094216631,0.47752591423964225,0.0718720723934032
32,447,0.38241277271902263,0.06561771725844572,0.4803872904669411,0.07158221955558901
32,448,0.3801856135204193,0.0652507116799214,0.48327582702915056,0.0712878477705071
32,449,0.37793838911827,0.0648808678554255,0.48619184173092816,0.0709889012953747
32,450,0.375670881255198,0.06450813875307392,0.4891356567433566,0.0706853232483704
32,451,0.3733828690794887,0.064132476647246,0.49210759867909754,0.0703770555941664
32,452,0.3710741290947105,0.06375383310990129,0.4951079986646269,0.07006403913075959
32,453,0.36874443511095306,0.06337215899607451,0.49813719242161153,0.0697462134713598
32,454,0.3663935581914111,0.06298740443349521,0.5011955203445772,0.06942351703051519
32,455,0.3640212666040919,0.0625995188098866,0.504283327578546,0.0690958870074741
32,456,0.36162732577047657,0.0622084507607038,0.5074009641001348,0.0687632593686836
32,457,0.3592114982147246,0.06181414815575289,0.5105487847977818,0.06842556883173999
32,458,0.35677354350048046,0.0614165580869983,0.5137271495655111,0.06808274884700899
32,459,0.3543132181912033,0.06101562685488301,0.5169364233735035,0.0677347315804088
32,460,0.3518302757828338,0.060611299954813694,0.5201769763679596,0.0673814478943914
32,461,0.34932446665418154,0.0602035220628168,0.5234491839546207,0.06702282732838001
32,462,0.34679553800706947,0.0597922370224135,0.5267534268892538,0.0666587980812619
32,463,0.34424323381206157,0.0593773878296259,0.5300900913686911,0.0662892869896196
32,464,0.34166729474755525,0.0589589166181044,0.5334595691257491,0.06591421950858971
32,465,0.3390674581388208,0.058536764644931405,0.5368622575264311,0.0655335196898156
32,466,0.33644345790013047,0.0581108722742849,0.5402985596638273,0.065147110161756
32,467,0.3337950244749246,0.057681178962296804,0.543768884456694,0.0647549121060834
32,468,0.3311218847679612,0.0572476232416625,0.5472736467539496,0.0643568452364253
32,469,0.328423762083841,0.05681014270425191,0.5508132674366856,0.06395282777522031
32,470,0.3257003760678005,0.056368673985491294,0.5543881735171525,0.0635427764295543
32,471,0.3229514426304184,0.0559231527469243,0.5579987982543074,0.0631266063683487
32,472,0.3201766738910377,0.05547351365906031,0.5616455812531815,0.0627042311967192
32,473,0.3173757781002892,0.0550196903836147,0.5653289685852367,0.0622755629308582
32,474,0.3145484595805487,0.0545616155561348,0.5690494128894252,0.061840511973890296
32,475,0.3116944186489012,0.054099220766341605,0.5728073734975195,0.061398987087236394
